work.angular_v = 4.571428571428572 rad/s
work.P = 4.342857142857143 kw
work.n = 43.65392724806273 r/min        
efficiency = 0.810955038890304
motor.Pr = 5.355237879525146 kw
理论总传动比 i_im = 21.99114857512855   
Vbelt.i = 2
gear.i = 3.315957521978271

iAxis.n = 480.0 r/min
iAxis.P = 4.904059088175153 kw
iAxis.T = 97.57034227515148 N*m
cAxis.n = 144.7545684221058 r/min
cAxis.P = 4.757918127347533 kw
cAxis.T = 313.89764489968235 N*m
oAxis.n = 43.65392724806272 r/min
oAxis.P = 4.342857142857143 kw
oAxis.T = 950.0699783231133 N*m