iAxis_d_min = 23.467383798183803 mm
cAxis_d_min = 34.64347264642776 mm
oAxis_d_min = 50.11225333169837 mm